state={
	id=13
	name="Swiss"
	state_category = city
	history={
		owner = SWI
		add_core_of = SWI

	}
	provinces={
		551 669 1073 1181 1511 1971 3153 3470 3901 4259 4797 4867 4907 5017 5199 5396 5433 5517 6667 6804 6956 7085 7114 7513 7557 7886 8044 8498 8606 8819 8951 9006 9184 9591 9699 9717 10043 10058 10281 10522 10900 14426 14442 14444 14457 14467 14468 14477 14481 14495 14498 14520 14546 14554 14564 14573 14576 14581 14607 14608 14613 14614 14619 14625 14637 14648 14651 14765 11127 14652 14679 14719 14729 14732 14743 
	}
	manpower=10
	buildings_max_level_factor=1.000
}
