state={
	id=15
	name="French Border"
	state_category = city
	history={
		owner = ITA
		add_core_of = ITA

	}
	provinces={
		378 404 1436 3852 5835 6404 7058 8473 9530 10040 10262 10289 10322 14737 14823 14858 14938 14984 15003 15032 15046 15151 15166 1120 1395 1650 1950 2111 2225 3605 3689 4051 4232 4600 4695 5729 5870 6026 6530 7808 8146 8235 8672 8875 8961 9178 10215 10695 10838 10843 14795 14829 14875 14900 14956 14973 15040 15058 15100 15141 15150 15172 15199 15313 
	}
	manpower=10
	buildings_max_level_factor=1.000
}
