state={
	id=17
	name="Austria"

	history={
		owner = GER
		add_core_of = GER
	}
	provinces={
		9369 4882 7523 9682 1440 5 376 618 693 752 800 823 843 999 1046 1254 1507 1595 1761 2265 2345 2566 2846 2877 3035 3062 3095 3117 3163 3508 3739 4329 4510 4688 4788 4985 5036 5067 5090 5122 5292 5386 5454 6167 6281 6300 6425 6477 6864 7167 7355 7425 7430 7535 7590 7688 7724 7784 7835 7917 8088 8271 8441 8640 8642 8662 8774 8825 9051 9073 9277 9304 9497 9856 9874 10233 10259 10299 10323 10439 10462 10559 10564 10693 10765 10793 11171 11186 11301 14093 14121 14146 14156 14170 14210 14229 14230 14241 14253 14263 14268 14276 14297 14314 14319 14341 14346 14385 14396 14399 14406 14424 14432 14439 14450 14461 14472 14473 14474 14482 14490 14510 14512 14513 14516 14521 14522 14532 14533 14534 14537 14541 14565 14571 14577 14578 14584 14616 14620 14621 14662 
	}
	manpower=0
	buildings_max_level_factor=1.000
}
